$ 1 0.000005 10.20027730826997 50 5 50
162 768 416 768 304 2 default-led 1 0 0 0.01
162 720 304 720 416 2 default-led 1 0 0 0.01
w 768 304 720 304 0
w 768 416 720 416 0
w 720 304 688 304 0
156 32 256 176 256 0 5
L 32 256 -32 256 0 1 false 5 0
L 32 320 -32 320 0 1 false 5 0
R 32 288 -112 288 1 2 100 2.5 2.5 0 0.5
g 384 576 384 608 0
v 176 192 176 144 0 0 40 9 0 0 0.5
g 176 192 176 208 0
w 176 144 176 112 0
w 176 112 208 112 0
w 384 112 384 304 1
w 624 304 688 304 1
g 432 576 432 608 0
w 624 416 720 416 1
w 256 112 384 112 0
w 128 256 224 256 0
w 128 320 192 320 0
w 208 112 256 112 1
w 384 112 432 112 0
w 432 240 432 112 1
r 432 496 432 576 0 27
w 384 448 384 496 1
w 432 272 432 304 1
r 384 496 384 576 0 27
f 320 256 432 256 32 1.5 0.02
f 288 432 384 432 32 1.5 0.02
r 544 304 624 304 0 1
r 544 416 624 416 0 1
w 544 416 384 416 0
f 272 368 384 368 32 1.5 0.02
w 192 320 192 432 0
w 192 432 288 432 0
w 256 320 256 368 0
w 256 368 272 368 0
w 384 304 384 352 0
w 384 384 384 416 0
w 256 256 224 256 0
f 320 320 432 320 32 1.5 0.02
w 256 256 256 320 0
w 256 320 320 320 0
w 288 432 288 256 0
w 288 256 320 256 0
w 432 304 544 304 0
w 432 336 432 496 1
p 432 304 592 224 1 0 0
p 384 416 560 496 1 0 0
r 192 480 192 560 0 10000
r 256 480 256 560 0 10000
g 256 560 256 592 0
g 192 560 192 592 0
w 192 480 192 432 0
w 256 480 256 368 0
o 1 64 0 4099 2.5 0.025 0 2 1 3
